,10,11,12,13,14,15,16,17,18,19,1,20,21,22,23,249,24,250,251,252,253,254,255,256,257,258,259,25,260,261,262,263,264,265,266,267,268,269,26,270,271,272,273,274,275,276,277,278,279,27,28,29,2,30,31,3,4,559,560,561,562,563,564,565,566,567,568,569,570,571,572,573,574,575,576,577,578,579,580,581,582,583,584,585,586,587,588,589,5,6,7,8,9
10,1.0,0.33376228657603746,0.3878437171303296,0.7827568482854715,0.4107881603738408,0.31196675970382054,0.407610333851542,0.3149461466851191,0.7364184717402877,0.391222744113109,0.2659945046452439,0.2978935630680345,0.7452265238320642,0.2730317399695642,0.31726352945345315,0.6731082923866605,0.34129524519241783,0.4804749219830942,0.5889209762948933,0.3199374494714216,0.15446808852584534,0.26709341426904454,0.2820629652130594,0.15026551430142185,0.5344144840324194,0.3093462788098254,0.5817372019489658,0.26852204731888324,0.22730687046640727,0.43404509987456014,0.25049020039052905,0.11162361990631166,0.5175859794556109,0.22527605633868863,0.20056990151429205,0.3203969441301209,0.35080298990180603,0.5825057836666198,0.3251856579928636,0.3072405900009593,0.24026332273314358,0.2510353833528774,0.22849488401254817,0.21300100654687204,0.10149913514323541,0.1315873416522716,0.2051093331434196,0.3331050712820393,0.30987749289284905,0.35157920791608194,0.27357403452090656,0.33884608603390015,0.25308265082431675,0.269130783547564,0.2973012035723065,0.4048338398725029,0.24707676229354286,0.35268350005995186,0.4157587130815225,0.7042049915799979,0.5446996609931597,0.7172918070920147,0.35698894315862223,0.5108431582568143,0.25333502934092766,0.5044476424819578,0.5781187125404448,0.45135449783597376,0.32721937096202386,0.47389162232557436,0.36163649663170394,0.4206517066576016,0.3555992710299741,0.28363220312613335,0.265629369550295,0.3716048886337494,0.4559382490969719,0.7080158163049302,0.36299664396925246,0.3188628630734944,0.3905049559773263,0.2585514365159276,0.28670495801369766,0.2904459070095691,0.30758800664540314,0.3960049444889257,0.3376602132108822,0.4753034922189125,0.7546173239403945,0.30977114255833493,0.5942064858947829,0.40262242056750147,0.3563021611469112
11,0.33376228657603746,0.9999999999999997,0.33416113758371035,0.4006422465829801,0.32482555008857117,0.3052028434987858,0.39336777221051283,0.32997566287600844,0.3363199351812731,0.3295035078195137,0.3451800734706692,0.3149285633635682,0.2981477889508641,0.33939153906468594,0.31174582799847544,0.42470170571523735,0.3275603992353845,0.35030624421477663,0.34148513487970383,0.2678572585520827,0.300958288815565,0.3439891496350399,0.3257516764129092,0.30186642165082483,0.3522605802564598,0.2519571481774343,0.359495261785845,0.32428038100408424,0.3427896351248529,0.39710341182049413,0.3333299010704884,0.3130104330216166,0.42376005631364366,0.3248396474548677,0.3325311810033427,0.3277591532927742,0.32935929363792676,0.3774988638057251,0.3180085176102099,0.33398694450328636,0.4005342224118465,0.32541780744043086,0.2925373419027287,0.3043788881900982,0.2722616271268145,0.32093437182364815,0.3474083416562359,0.31508090875947864,0.3590599863814258,0.3266410234463592,0.30997093175851537,0.3090146399881701,0.3357604777877819,0.30939020582270926,0.33855677067167067,0.2999185769663264,0.3782383975416317,0.30752128003148743,0.2855183478533268,0.40575383104670854,0.35406402060515196,0.319588211973639,0.22742807893540032,0.1866857220159291,0.3866949467355843,0.3621466278075173,0.3314967822594911,0.2533687641402816,0.311937263044951,0.3338415291046228,0.31133627328505886,0.3336409711543557,0.4251745969027024,0.3173305241544238,0.35575545638260225,0.348003853289794,0.2710315973644776,0.20296397857592327,0.33938834595162215,0.32264481227412023,0.33736025892241656,0.3242998655803671,0.3148010803520437,0.3196336449096792,0.3132049675654846,0.29009816868570726,0.309673793130003,0.2930721778465343,0.3018326828096454,0.3782755939430427,0.3360288107085645,0.3290637399176414,0.38671929041836767
12,0.3878437171303296,0.33416113758371035,0.9999999999999997,0.3233158475527374,0.29845717746400213,0.3197907143897045,0.436815911241528,0.33862691745646,0.3297003148098488,0.3070119056870084,0.3315945347802699,0.3347973528586005,0.37918794337604583,0.3236110524270522,0.33099454090018793,0.26859486964717777,0.3263472633032572,0.3524296981873848,0.2377908223274919,0.3188171993258613,0.3226752067680945,0.33410045502653435,0.2952246475772864,0.32818737912161644,0.25278450603613983,0.3072119182186801,0.3098303604714488,0.32175315799231036,0.3836940697591784,0.2954035986531749,0.325840776373476,0.29354108239588794,0.3515489814638423,0.32311499472974725,0.31496971307591276,0.30313229666449815,0.3474115002417282,0.34060230679961434,0.3338817019652282,0.3142934256538315,0.342379919467345,0.3207503726651377,0.3379618292475212,0.30901814719303383,0.3357971289294032,0.319258877227861,0.35221103264853093,0.36230419491759286,0.36923085714196213,0.3253142451381085,0.3286275938673959,0.3490338950180407,0.3341263041084174,0.3158486028203402,0.338589207339051,0.28905401909508094,0.3379366915009631,0.30285029317360646,0.2913051357376795,0.3499130073372791,0.24087824376179223,0.2746406280061941,0.27609279293050065,0.2790587543046081,0.3129869373060059,0.238900188583393,0.34037063826261527,0.2627072793801005,0.3069556986505619,0.35591091469335934,0.2538560426398669,0.27199339959087776,0.3242904164545199,0.26796771247471624,0.31637957796375943,0.29296823603918726,0.435286974578844,0.4024973409609422,0.30766707288203227,0.31555251483962377,0.307419809360956,0.3065559012701564,0.3171971542593833,0.3246313752200358,0.3373058743631605,0.33202602340668336,0.3616039222429774,0.308996713350379,0.34051309954832415,0.3361539155687349,0.21875274137022113,0.3415877061386625,0.39388358867278256
13,0.7827568482854715,0.4006422465829801,0.3233158475527374,0.9999999999999996,0.4180811576297276,0.22590457726215435,0.6085542242586442,0.3700807128747779,0.8303607785657411,0.3534319179281295,0.2936026680509073,0.22103048461474228,0.6780994783268749,0.2865452291724632,0.26745369336207275,0.6164109230937929,0.28488153271416744,0.32112279421226925,0.6410512268769227,0.2440600732990552,0.19602752952744873,0.21338960543286883,0.26655529634822417,0.12446249068412873,0.5684828726516054,0.12640875117984476,0.5238782684201685,0.2884286016653821,0.23548060479972532,0.4624439183285635,0.2535911339416708,0.3590453130133289,0.5397255136011802,0.28604497168814186,0.20876883380924138,0.3781876732624328,0.2339918461651699,0.5714790705424467,0.3129482636926571,0.35937290179417547,0.25619802939992875,0.2965870417117595,0.2669927613930221,0.2843592047487923,0.19213426250284943,0.15227083065026903,0.09739080175294122,0.3157444786808513,0.18571016610545008,0.20679026040369025,0.26484352675453293,0.2703258934581159,0.34947318295707475,0.31948478372530476,0.2948508499424798,0.5627404301032308,0.29446483830457826,0.3987498806476189,0.5462210634749152,0.728181064003243,0.5373854782925528,0.6552833915023264,0.3276823036142097,0.5844863219401975,0.26505866002429523,0.5016646139276755,0.48633207254400423,0.5005991830351679,0.36059720482383073,0.5706613695260654,0.36394807927584993,0.4681984528607767,0.3782039145717522,0.3129704966342412,0.40178893872523624,0.36468431683664154,0.5144080878067864,0.6805570485071156,0.40275907733743216,0.21997597423614215,0.3751406972511477,0.3506599189585205,0.2694978069094095,0.26619241291765083,0.19796657035042914,0.51065609169827,0.3992484753790106,0.4832852837573398,0.6500794357754967,0.3596694837172686,0.6832305061645305,0.3326085533500954,0.47962239125425005
14,0.4107881603738408,0.32482555008857117,0.29845717746400213,0.4180811576297276,1.0,0.33354956163469335,0.35916255169454875,0.34762467137670755,0.3093869651822533,0.33056794370905174,0.34048533802238107,0.3553082885413711,0.27731242477790724,0.3355414632342159,0.3478939197451051,0.2933766596160777,0.3277739169612421,0.24976154447044696,0.30273517209008177,0.2834706558985757,0.34304492293551647,0.368470807301705,0.30088076219578613,0.29407967045294015,0.27983198822456634,0.29669507105781695,0.24965580561981715,0.3322205737950119,0.3280853617245888,0.251855437995717,0.32163560093908533,0.27640952224814846,0.32666307258610716,0.34010228626357925,0.2970563875665032,0.31048840702258507,0.3430955479218808,0.19202455852736683,0.36248044870949064,0.35061857587413336,0.25189084945804646,0.31256451468541463,0.327640109991357,0.32028924550274945,0.3452497734060507,0.30793874921025305,0.2982419817927609,0.3034573072169325,0.29940250757346937,0.320674530928211,0.3475907783463239,0.3494480090072106,0.3064516845878924,0.3458072405668815,0.353769934060059,0.25369678036118576,0.3071112521094218,0.3480398346208842,0.3835383504462862,0.3196565031180329,0.41403786094699635,0.28012271604510713,0.36443902796259775,0.3286833202679518,0.3178136982937409,0.2899004214465925,0.3445620134010576,0.31407360209117147,0.35340767852265415,0.4440809478496489,0.2775932824397308,0.2868800338975712,0.2717972846266385,0.42300365054317407,0.3262871114547167,0.32755799594882157,0.2885208171603144,0.342257047889904,0.30381325039767354,0.30879136824662834,0.31654971301542334,0.34398578088794696,0.3174480198946926,0.3301709239689493,0.31805942384098124,0.3130793147756488,0.34178425958634323,0.3273464860506707,0.31539335748021374,0.306799505266653,0.35791847503700697,0.3508627419325911,0.2557929509974528
15,0.31196675970382054,0.3052028434987858,0.3197907143897045,0.22590457726215435,0.33354956163469335,0.9999999999999994,0.2970214625060621,0.3396552796951899,0.27115310007404864,0.35435724135659324,0.32370117909475704,0.34147289611124554,0.2677140919985004,0.33371147273947366,0.3251146820882392,0.27489749772863414,0.33113958066730403,0.2807009963687785,0.19325077421999212,0.2520889582152329,0.2939319675424444,0.25883568838423604,0.27839922403550776,0.27152752011034037,0.2880630560698121,0.3006946726419596,0.281471727862011,0.3285743561692942,0.2995819120590908,0.30245293597944467,0.3287689950204479,0.31078471831120386,0.315490872229923,0.3063857585655884,0.2843252218175602,0.30277412400684056,0.332887816761074,0.28270088585031256,0.3245651136391419,0.3164863143960201,0.31743854474075844,0.3257283737636814,0.32124329348255476,0.33708656471336906,0.3305494131717556,0.3437438401742616,0.30740256590370146,0.32388870816900667,0.30211736261476285,0.3301638131978376,0.33139476098802967,0.3255797065374631,0.32018450610864535,0.32496114405892373,0.325311478426101,0.26758475735813264,0.3411389600191881,0.3125723793688934,0.305302734491745,0.23963046661167836,0.25648856543401954,0.3109891855454456,0.2528840487941817,0.2901971094515973,0.29676594985323984,0.27881291371001954,0.26103771844983714,0.2373964687077778,0.31242791131614084,0.239521710637918,0.30452209039764505,0.29533323134540196,0.29274485190773875,0.3000405407943681,0.31034020823202063,0.3423621994798929,0.32084210429535664,0.2799105289380234,0.32884861084745426,0.3442212088327787,0.3135929025876587,0.3423641726659409,0.31484337672205137,0.3377515213431003,0.31062414153301104,0.32959906574397013,0.30851889222949136,0.33040605307270543,0.29880822901929915,0.32584256650965976,0.27983521625704844,0.3251345537004186,0.3077489490419424
16,0.407610333851542,0.39336777221051283,0.436815911241528,0.6085542242586442,0.35916255169454875,0.2970214625060621,1.0,0.35291489689682154,0.6420267569863507,0.36997652993522634,0.30655824520189917,0.2795493379665155,0.40255243202637186,0.30417672533463136,0.29399141414087965,0.48305918586447005,0.3037325154874932,0.10066136035253702,0.46032126036677423,0.2064253438209061,0.4122151431386013,0.40047445338679144,0.25878787015342086,0.09940610642202148,0.5098497501352345,0.10305639980893418,0.2674166145936059,0.41992512687564987,0.4100994071365578,0.4412347960854392,0.2540137068807405,0.4282568609796227,0.277804379411995,0.284793894258612,0.0899280137800568,0.3047141233683109,0.26031245440524425,0.592634419491853,0.2762138775443861,0.31736137344758575,0.3164565069249679,0.2918110639855407,0.1551139595684696,0.3253077310202871,0.2968063563031615,0.4082739863222659,0.2203707943286796,0.2121982303896876,0.27112742121879674,0.21381985923881447,0.2952891002203033,0.25884734286985434,0.46546736483678647,0.25523729931505496,0.33981514923109934,0.754929316358547,0.2198886249351226,0.32604914150669095,0.4228362287221876,0.6569457111390236,0.35259325112437223,0.4158458201645299,0.3316552740393661,0.6047583293017791,0.27289858283967655,0.5642030959354263,0.3841999896234135,0.4363083107057016,0.2445374481092668,0.5961732548027094,0.43571294707759534,0.40253069567048744,0.4259810093938794,0.3909610613305673,0.40174666353180444,0.25744962117092063,0.4418935168221807,0.5158566023096247,0.2481118686900548,0.41786743520030745,0.22327228919824507,0.40579861175723764,0.3540145596771305,0.3537381598069146,0.21374412316149086,0.28775387014846243,0.22951571915866334,0.346209010986823,0.551735497673379,0.4617092217123287,0.7207577393990449,0.29507597309896916,0.814539239288905
17,0.3149461466851191,0.32997566287600844,0.33862691745646,0.3700807128747779,0.34762467137670755,0.3396552796951899,0.35291489689682154,1.0,0.2636450077949487,0.3429022642762063,0.31926853617945034,0.3535788475163655,0.26824223085084836,0.34829994006383047,0.33633949465477697,0.2593924355756949,0.3357537434069557,0.24884201899403988,0.25579935192068765,0.2887161410121664,0.31049542080533743,0.30704169870778686,0.3083950236604319,0.29997371445392335,0.2539899115277588,0.3062893898339218,0.21855487971551668,0.318267562409054,0.2913113802754873,0.2962712699924939,0.31889337429189824,0.303271418318948,0.32992526973436703,0.31975216547448665,0.26452815209815794,0.31172957634369836,0.32112894884741067,0.259616190788093,0.3384322624138364,0.3293031175102693,0.2896478559287732,0.328620880143001,0.29388422618291055,0.31506170417279883,0.3288145580443899,0.3410539192499481,0.29871279391517613,0.3185742083122427,0.31958773774405436,0.3322506809227937,0.3307795732218558,0.33570287687980954,0.31372570097900704,0.3387629529969483,0.33727520148503565,0.29054129776579185,0.30895539122572974,0.3115218962806362,0.2526999425080881,0.2599735460697668,0.2409888540165849,0.29090026984870127,0.320154399069937,0.24910004668779673,0.33192286264798515,0.30876081162044494,0.34880341593474984,0.3054849680120648,0.35201853737488203,0.2705104794668494,0.30352033454470284,0.3569109029260443,0.2777787520141388,0.32703201596011183,0.30170630927691744,0.31854408112950117,0.34713609101274223,0.2439952931216837,0.29772372184431145,0.3298718116957886,0.3179585678635374,0.31329964544782646,0.3177499770118196,0.33968324436073827,0.3192986054155646,0.32333403062799476,0.303597999906537,0.3202755084858842,0.3076347532770653,0.3047778131887761,0.26129354469142246,0.3644726679865527,0.3072947851265869
18,0.7364184717402877,0.3363199351812731,0.3297003148098488,0.8303607785657411,0.3093869651822533,0.27115310007404864,0.6420267569863507,0.2636450077949487,1.0,0.3296205899729542,0.28601364053472433,0.26634410968352507,0.7580560784252319,0.28677580047801665,0.28311295575849965,0.7155751348533409,0.3089613097711439,0.3195648881633563,0.6171444822339825,0.27799477701973346,0.2845775436320919,0.29857959715076826,0.23786533733550505,0.14331058358935556,0.6758606939274904,0.20925840737089751,0.5596809467981543,0.3384413982833211,0.21567870645121795,0.4373052460066459,0.26314857151211135,0.4646278750667746,0.4561255989287629,0.22776600208688247,0.17259431559614585,0.2822854971155552,0.27161692347772065,0.7047643280023408,0.29927948445495256,0.39239499392814725,0.3453011374848375,0.28250072376996166,0.3205178231874624,0.35252531002319515,0.20690881531255778,0.21609976090886326,0.21316773845521073,0.2493371088324764,0.21041497468179007,0.29069271029547394,0.32715578441468207,0.28454072940952596,0.3637574231870554,0.2613744469532825,0.29181387153264915,0.631180119659867,0.31983963817395655,0.40482760265635365,0.5208519335660209,0.7606588368533997,0.36130291626718825,0.6099480541455814,0.2906241683650706,0.5233936731916483,0.2860048302878164,0.5145158415120104,0.4083701052831324,0.34580003288080674,0.27097177671019945,0.41428557423949036,0.25325884357343464,0.2643482482574183,0.2756603803486183,0.172880828825089,0.3817279955388943,0.3077051043877129,0.6066659252822431,0.7754686565745434,0.4545872533787927,0.2788683435878239,0.3276635058968748,0.33732436052879977,0.2803843949682906,0.3028667701687179,0.2240690512151838,0.25924980750122356,0.23962211403129183,0.5231256850083882,0.7540438676141804,0.34468824363448464,0.7481109518107545,0.31544830090499354,0.5693333793502394
19,0.391222744113109,0.3295035078195137,0.3070119056870084,0.3534319179281295,0.33056794370905174,0.35435724135659324,0.36997652993522634,0.3429022642762063,0.3296205899729542,0.9999999999999997,0.3233798391782637,0.32728539517152455,0.309063182518108,0.3499348799809998,0.34443175249234254,0.21245711798670797,0.35239119085859333,0.2566545957778278,0.33955104572244216,0.2809920536780348,0.26361468066347266,0.3068675941734547,0.2059542329930736,0.33750353203697875,0.24047121335824723,0.3021367951677564,0.27835085528559267,0.33387019186271044,0.3272946235254581,0.22879292269466028,0.3220487992005667,0.2716405127494513,0.32987900439523266,0.30205708668339887,0.24421281637453202,0.28679301516042477,0.29940269530794217,0.3480098428966057,0.32549998349648734,0.3094675453990501,0.31041313869159204,0.3244796266301914,0.3077705629342913,0.3202351548710021,0.27923863616048905,0.37251004942620086,0.32343972444907615,0.31918415779928094,0.2816352433652611,0.35229607788681366,0.3527773605085259,0.32681800667144256,0.32801469368211517,0.32109596814583347,0.32096519785977057,0.36441785231257634,0.3628711926824149,0.3291220102200766,0.2722953828926707,0.2743966032904416,0.38546301512724174,0.3165106105941627,0.2603846046934047,0.3231457873625151,0.23379882886167194,0.39064508829262945,0.3766290842214261,0.3514396686863036,0.3233465625343087,0.3466209149140025,0.2982236193368335,0.34482067551907897,0.328942060513245,0.3086046247833628,0.33531376421177533,0.34183549364972965,0.4929927697012259,0.2890134921773824,0.3269784919896775,0.38288301576784073,0.32059053896785417,0.36851819676445474,0.3218131783574338,0.33357336536920035,0.3158834699142746,0.3358255409305153,0.31285547603406944,0.3173312265941523,0.2838881131474001,0.31266951720879577,0.30652964034073504,0.3505471616024299,0.33274203985885464
1,0.2659945046452439,0.3451800734706692,0.3315945347802699,0.2936026680509073,0.34048533802238107,0.32370117909475704,0.30655824520189917,0.31926853617945034,0.28601364053472433,0.3233798391782637,0.9999999999999997,0.32611692564899813,0.24256668111039253,0.3419880657310608,0.33475464902939245,0.31226791747735,0.33539065467769663,0.3438366494392046,0.19215390318170325,0.344490757545256,0.37368502125286646,0.33723976936858047,0.30055414961321847,0.3129243121856474,0.3495678919792724,0.3250366698933273,0.34448128059845134,0.3237465927344609,0.3327999248203491,0.36456311595782404,0.34230908211717526,0.28360133365861234,0.38442113671148104,0.3203712359629507,0.28059960742266743,0.32815808170857913,0.31451035566935703,0.4347370614821615,0.3441151340546331,0.32170739214787125,0.3672311138130889,0.33933964540723655,0.29591249550225657,0.35949652854451186,0.3081171861854258,0.32072250926595325,0.34110732127285415,0.29359281500829865,0.3459041361678549,0.31666360546066386,0.32949767037203376,0.31071011693264394,0.3577558022204668,0.3495639947832793,0.3380757441150694,0.3285794976548849,0.3659740082248778,0.32934299241160764,0.31795497029653,0.3388611582339383,0.2297714357526671,0.20419935131338354,0.3124758874258328,0.26192357310102854,0.3181525931393543,0.25707110536864314,0.29972291567561765,0.2656309995084081,0.31219624965232623,0.2734613465010244,0.3591425997537098,0.18451434418799034,0.386258368584112,0.3202197890703816,0.3332877326002948,0.3580028356559044,0.3522900485296198,0.2248711598109903,0.35418327779206404,0.3189921967941649,0.3298224421281675,0.3247047662792344,0.3092091520180595,0.3304601123207525,0.3169206973669176,0.3464997144389207,0.23860591746610096,0.33015166597951695,0.22465331086249482,0.33680208288401475,0.2941934292468969,0.33992351017426214,0.3034279991881013
20,0.2978935630680345,0.3149285633635682,0.3347973528586005,0.22103048461474228,0.3553082885413711,0.34147289611124554,0.2795493379665155,0.3535788475163655,0.26634410968352507,0.32728539517152455,0.32611692564899813,0.9999999999999997,0.3234640744099293,0.3369844146061385,0.3482192388859391,0.22067206883857832,0.337065944733771,0.23650225987753273,0.20470749826519166,0.27825864788053845,0.2650226221462563,0.27076613758641,0.30384578285997527,0.295832964830028,0.23444381498761366,0.2784037986087504,0.26941790365043833,0.3363719850091582,0.29459300155255874,0.2574945254316311,0.3136812587144596,0.30010257285963565,0.2844360879847111,0.307541820682105,0.24431740769054858,0.3425571121091904,0.3665467560359535,0.2555502106510105,0.35006177143709977,0.3236683160955229,0.2887702149387583,0.32401839717048625,0.29511054426877464,0.3381900857016556,0.36992364816763135,0.30841340483833296,0.3859522315507214,0.38112193403340183,0.360185248334144,0.34090165562257135,0.3423650894016894,0.36931741993153844,0.29869546468003144,0.34328169991629837,0.32740120521035754,0.24636937131192851,0.3296657320042161,0.2980417662883049,0.3117704334625774,0.2936476854267387,0.30226407733370025,0.31258377729457015,0.32347043278200255,0.2978508794467897,0.3405215410030154,0.28419626367669404,0.34943268989969395,0.26637642879763246,0.33447666754709965,0.2752656306025885,0.30576677398244684,0.2850434003652233,0.32197009812070365,0.309060743200952,0.3281768157295895,0.30917698790559117,0.297308672738457,0.38320597374687465,0.3266603955702294,0.3229597668063382,0.3185957995217105,0.3317077444409679,0.3223023071177097,0.3237066830324294,0.3247877552960631,0.3386787421870026,0.29474741396328347,0.30909949559529987,0.3238208771453835,0.3238374987607451,0.23476362211989715,0.3378618007757505,0.3194860367343542
21,0.7452265238320642,0.2981477889508641,0.37918794337604583,0.6780994783268749,0.27731242477790724,0.2677140919985004,0.40255243202637186,0.26824223085084836,0.7580560784252319,0.309063182518108,0.24256668111039253,0.3234640744099293,0.9999999999999997,0.25432262172412307,0.2634258347069039,0.6443011855920683,0.3189285677676506,0.4469254423714201,0.4979753255249615,0.2547607475458851,0.2535125729334104,0.2644044355929515,0.20524352629370254,0.2513599996035777,0.6068049932969676,0.20350044447336577,0.5274959416284655,0.27129580245953094,0.10378606913716905,0.3430894550422935,0.3320261014558458,0.24802338186631026,0.4014593935621091,0.34407729387065134,0.1790557227867199,0.28584269498130155,0.4468411849472734,0.6613720582639305,0.27017534734290527,0.3034964384314145,0.3205232843955554,0.27977722645503456,0.3150651112781297,0.4230240899692935,0.35888149830996213,0.16860500740504453,0.35006587412479095,0.5101582910051772,0.3745091655969925,0.25931588498856806,0.25931395530181317,0.3381605219288778,0.25359975449085254,0.32391777129201743,0.3036939568085061,0.46296424680611026,0.41317107167774125,0.3074824647886037,0.40608989946017465,0.6282161484049191,0.3063908495640927,0.6414160371637341,0.19902146574923288,0.4688781823898128,0.24941628029570326,0.4107653415775305,0.31313158100757177,0.2831177907767536,0.2593489640917869,0.24058371758056965,0.17577972030703826,0.19292408281609133,0.24925849287115337,0.18739383608098253,0.26446798941548466,0.2586133905573674,0.5631694653540946,0.8987872341015498,0.42546412488057506,0.40385713771091697,0.358716855879396,0.36427647043744976,0.39136267137992403,0.2799418507674407,0.37792901999349465,0.39404424928198645,0.29629167861155964,0.49457162354129863,0.7759876469047345,0.32192826850581446,0.5776008946810347,0.295973814652397,0.36586382483926577
22,0.2730317399695642,0.33939153906468594,0.3236110524270522,0.2865452291724632,0.3355414632342159,0.33371147273947366,0.30417672533463136,0.34829994006383047,0.28677580047801665,0.3499348799809998,0.3419880657310608,0.3369844146061385,0.25432262172412307,1.0,0.34553155826382426,0.2532667565057343,0.35306839148112845,0.26256586617917,0.21912228348486026,0.29104456497334646,0.2653209527128987,0.30166311314586663,0.2665106829693041,0.33005502079814564,0.268629019990516,0.2950086270205106,0.3290304765481655,0.35357370579699704,0.28621448185399617,0.28530571000588484,0.32904149730390997,0.2922035568236382,0.2920541317909888,0.3056311517784391,0.2870818377711549,0.3472583203291012,0.3233698676791228,0.28881947434136923,0.3350546426159383,0.338141406101946,0.2720521853704832,0.32098557008226525,0.29823291231911514,0.29929263929287864,0.29391531613075067,0.3236009662187059,0.305463112951064,0.31534624321791627,0.3042827751537171,0.33589418196247706,0.3621681667859665,0.320141524769548,0.3167696793036264,0.32073416246609415,0.33364725829930336,0.27138265227086733,0.3287912479376979,0.31730939837901356,0.3501683151755303,0.25629468430082586,0.277084956401595,0.2710711009670162,0.2813632546404731,0.30454818146397883,0.3017381106638792,0.30532151752651365,0.3387665919716344,0.30154657368425614,0.3205246193824119,0.3399980270167529,0.330447768590833,0.344841263660131,0.31049504282194934,0.2988627967639306,0.31966407717728523,0.33293505006963914,0.3670149532081776,0.26050030445869443,0.33920715720448447,0.3220520573293184,0.32129743096604063,0.32507442483482446,0.31299853553471435,0.36087423004900154,0.3114042057560796,0.3371759302601584,0.2878008829490647,0.30487168140057047,0.3264230606762752,0.34493428667188225,0.2807889464087124,0.346466909693355,0.3251942454468763
23,0.31726352945345315,0.31174582799847544,0.33099454090018793,0.26745369336207275,0.3478939197451051,0.3251146820882392,0.29399141414087965,0.33633949465477697,0.28311295575849965,0.34443175249234254,0.33475464902939245,0.3482192388859391,0.2634258347069039,0.34553155826382426,0.9999999999999996,0.2360707377278072,0.3289237552068816,0.30075655878503676,0.2221997171897818,0.2979107601094477,0.3032380515998625,0.29647401659009165,0.393805907016515,0.3210651157522079,0.22792974434070434,0.3068117665880861,0.2385147328580246,0.3203665433378105,0.2923712517526842,0.29934286183559217,0.3268162269021101,0.3024451729847388,0.29679898313478625,0.3152748456105724,0.2908743487476727,0.34043558303229077,0.3214873894129879,0.24310626728565868,0.3510621892635992,0.3372613310584694,0.2846543520026599,0.3522712825967309,0.3026255032300455,0.3295790906256975,0.31138645139747384,0.35028914264268074,0.3264866039682315,0.34259730895644647,0.30167743750627085,0.3416078659191243,0.3573637849386414,0.32222221561037606,0.33848311158333877,0.3327334215789744,0.35399524195183985,0.2989905398384581,0.3225696514142278,0.31616436346968974,0.3144983193096795,0.2675381718026355,0.30551784501048285,0.3281001676145697,0.26744915239712586,0.2706400215485523,0.33569194484779263,0.2549083600605614,0.2594824643627567,0.2685945188425406,0.31987374725473766,0.2522368200099899,0.30219711777036035,0.3134884942413535,0.31010175567147663,0.2924735406436671,0.30841641349114296,0.33061103025571675,0.30713918370740273,0.2717583874611383,0.3453468507581858,0.32811668133527094,0.30959393117439293,0.3092255073497154,0.3147587347079493,0.32851099215340057,0.323537971953664,0.33498309318486724,0.3473825962736425,0.3066978086140995,0.32882712435018,0.3060222997022296,0.28645534104281456,0.33148252167226827,0.30211136312289383
249,0.6731082923866605,0.42470170571523735,0.26859486964717777,0.6164109230937929,0.2933766596160777,0.27489749772863414,0.48305918586447005,0.2593924355756949,0.7155751348533409,0.21245711798670797,0.31226791747735,0.22067206883857832,0.6443011855920683,0.2532667565057343,0.2360707377278072,0.9999999999999997,0.23812444417976797,0.6365859851979737,0.6992997118389019,0.5489941753825665,0.4404561233667721,0.6216267452210787,0.5888629812043804,0.2657144234990138,0.7911717722600053,0.38741096519045437,0.7910074952221704,0.27743467774630126,0.31309457397289614,0.6086987752781421,0.36363062153248266,0.38729047171115694,0.48481818149003264,0.3620347754850795,0.3708414572756839,0.27644869678377887,0.25688425586481406,0.7194571026982595,0.2682105629379805,0.2939814614562068,0.4454797684443019,0.40513715539799816,0.35647736367349997,0.3223686245706757,0.2776382310954871,0.2765529427608608,0.36626875506039425,0.2866001797090147,0.24128924890487585,0.22097642549401245,0.2099511576381218,0.23893064215514745,0.2431578795716098,0.2731368427177404,0.26846934781076365,0.3621299991169623,0.2771221000842076,0.3456953872945831,0.5046839706571312,0.7451987186729593,0.4886280354786389,0.6144625155397325,0.5675820073428012,0.5452734008951893,0.32980972959835364,0.5750767421469186,0.4395237997373969,0.39630739598926645,0.3432323965500353,0.4055528732414231,0.344767825594212,0.3834029813924614,0.3542628845482003,0.24011591008301345,0.32486649777452264,0.3059699249997115,0.27070403131523946,0.5772001223791806,0.2769479106427345,0.2916500506390469,0.2885707724106871,0.2084394537638391,0.24275333385112724,0.2685884325619339,0.37506942143938454,0.23863418618838814,0.11782713100554713,0.32625860449922733,0.6882908573005933,0.3300820115542944,0.7614439832776623,0.3665150300186684,0.4693955482607977
24,0.34129524519241783,0.3275603992353845,0.3263472633032572,0.28488153271416744,0.3277739169612421,0.33113958066730403,0.3037325154874932,0.3357537434069557,0.3089613097711439,0.35239119085859333,0.33539065467769663,0.337065944733771,0.3189285677676506,0.35306839148112845,0.3289237552068816,0.23812444417976797,1.0,0.2184663562830992,0.2829855910809099,0.2282738758966327,0.29908978657732627,0.2652522492663606,0.30125710370072706,0.2749543172010953,0.3524904001500904,0.3251693651034854,0.2574907652858917,0.39499568229786963,0.2902451082666229,0.3021671778540157,0.3077544658154096,0.2784813112059261,0.2919154845348547,0.32486206173297566,0.2791723406497558,0.3128244718647041,0.3066058817752943,0.28353563277125754,0.34479318338454673,0.32587628663123386,0.249360469871263,0.3216242444774635,0.2910977289870265,0.3298087165132597,0.3168684680411893,0.3791801117894162,0.3074390676148002,0.3120698450146856,0.30167751368604045,0.35434400900051094,0.3639438125808728,0.3749261753615523,0.3253282801460401,0.34882439882188726,0.31998922734858715,0.361611382359579,0.31347299612062185,0.3188419796730443,0.262778154251395,0.33408037849570205,0.2107379431382418,0.3021864090634899,0.22207840294212164,0.30060316826931033,0.29794539487599775,0.2800245963075795,0.3140199180106662,0.2716334219816715,0.32639320846004716,0.28724909466472714,0.2641291925536516,0.2787783658710293,0.2894520076480835,0.30877608875989204,0.3140616772283013,0.3185136670238992,0.2755792835566938,0.297684104800302,0.33510364186478186,0.41639767976730363,0.3048707831675234,0.41654922639573566,0.3294140651145447,0.3176282134037892,0.3379211790011469,0.3211201435677955,0.31872599645892696,0.3245780510197161,0.335314337697944,0.3002299755117895,0.3255766949530227,0.3308656556443752,0.25122684550824365
250,0.4804749219830942,0.35030624421477663,0.3524296981873848,0.32112279421226925,0.24976154447044696,0.2807009963687785,0.10066136035253702,0.24884201899403988,0.3195648881633563,0.2566545957778278,0.3438366494392046,0.23650225987753273,0.4469254423714201,0.26256586617917,0.30075655878503676,0.6365859851979737,0.2184663562830992,1.0,0.5865477877713935,0.8554951081285945,0.4984504863393342,0.6153121102664745,0.6487888317141296,0.6275214609985724,0.5836465957547349,0.6350842579465503,0.7250391747878759,0.30753589868772346,0.4674226163131228,0.5540560258587376,0.3673489863725372,0.25085083597177976,0.5389307984529526,0.33985723210354163,0.7081449960122755,0.40997373933308623,0.35745209270882083,0.4398393801251107,0.25033028190685785,0.2957001124416855,0.6810776361149321,0.29695280974417837,0.4718073363066046,0.23043956276856217,0.38521596184328954,0.25776044313204416,0.35822511514470834,0.42168477587652425,0.43431557006211274,0.2620604619386468,0.26472342900115053,0.30964660764762897,0.29853198590015645,0.3079936638898029,0.342831394564192,0.1313409476941267,0.382199061920471,0.34489694622618355,0.3170553923421773,0.3363229553683268,0.44542137431344386,0.4621655008245828,0.43842578121955816,0.2933976382767725,0.2630712540714217,0.24730916704375444,0.3956622377722692,0.33289430765172806,0.32452540974712535,0.21490747379906702,0.29252892899789235,0.2962769971748547,0.24976793158687383,0.21395072541708152,0.3063030349189132,0.2652315786947291,0.23537734847987218,0.3609750817764362,0.2065995840463694,0.2136819463432779,0.29579132635654487,0.2797952353056422,0.28773104936345323,0.24718714183320564,0.3561995912466068,0.2637199664680799,0.35865735797384196,0.14841246361736873,0.42466326920974473,0.40929863989507215,0.3371923973852392,0.3317143479757115,0.05657970710207119
251,0.5889209762948933,0.34148513487970383,0.2377908223274919,0.6410512268769227,0.30273517209008177,0.19325077421999212,0.46032126036677423,0.25579935192068765,0.6171444822339825,0.33955104572244216,0.19215390318170325,0.20470749826519166,0.4979753255249615,0.21912228348486026,0.2221997171897818,0.6992997118389019,0.2829855910809099,0.5865477877713935,1.0,0.5741048076219228,0.46495187783044606,0.46001812309791845,0.5319022402962315,0.3414860382696389,0.7257862171749195,0.42952135551020354,0.5602122723957987,0.2706042128457174,0.46589305012184073,0.650470384070305,0.391852390418733,0.37721483866545785,0.3845416947937281,0.35611506227341405,0.43744729090408346,0.29341856123662274,0.22698118147887705,0.5933497765758786,0.28310008415281385,0.2755477086470086,0.4445681835800183,0.2339666820165226,0.5113416944537909,0.2880619164872732,0.3016560807600719,0.15203202628274748,0.1942982757206418,0.23721486995332552,0.2903506501839209,0.1477375143923584,0.22470605563466686,0.2082940839578242,0.35368311768566624,0.21697493849597974,0.39052256621701814,0.41883624744200565,0.29435987494674526,0.35442476918437044,0.623641725681738,0.6570575416435743,0.6865037251311038,0.6660082113794433,0.5241364221889189,0.691695215689396,0.40035497507814843,0.7033129648056818,0.6350308893550506,0.6452428578065371,0.3089662650542288,0.5542215586125149,0.43867020867971024,0.4362836592646353,0.35929445255606507,0.477569823846233,0.5062182430659876,0.356744178381976,0.40133358144667397,0.4416268194392194,0.4441784188868546,0.24062542089758207,0.32865135729111916,0.2739676123918981,0.2632969670953764,0.2841028998293319,0.3064727484845724,0.301543929962487,0.494474831003115,0.19451335615686138,0.5897336039080451,0.22765674608171985,0.7801020744211397,0.37116014820321325,0.3707215919191543
252,0.3199374494714216,0.2678572585520827,0.3188171993258613,0.2440600732990552,0.2834706558985757,0.2520889582152329,0.2064253438209061,0.2887161410121664,0.27799477701973346,0.2809920536780348,0.344490757545256,0.27825864788053845,0.2547607475458851,0.29104456497334646,0.2979107601094477,0.5489941753825665,0.2282738758966327,0.8554951081285945,0.5741048076219228,1.0,0.606447848684988,0.7593385175751675,0.7519576985216332,0.7185200547944971,0.5274237565772758,0.6873055956023533,0.645313322292884,0.29715713434390617,0.6400937450168227,0.5572928130706243,0.4105601567131861,0.4484891370201235,0.4288972702931067,0.3962999937019878,0.7900382832324162,0.4895532078886532,0.276576039689939,0.3026140301991748,0.27971832090170895,0.3057946360424592,0.7551517618835416,0.29945183162559563,0.408063188088682,0.23993392263099506,0.39458695997386645,0.3254749101405886,0.3198955902077557,0.20659605485648252,0.5269676620693532,0.25599079548368064,0.2790504423602666,0.2712393258571882,0.3750774650622176,0.3166845052358333,0.2917062085343221,0.24484044600360994,0.36921670002161766,0.3278958677224284,0.2662667533919977,0.21629656051568485,0.40510914183663455,0.3356440979283792,0.41494895979598073,0.4099841166192587,0.1896110973920136,0.24601649812729734,0.30770561038531696,0.28598889429587415,0.30125220181727547,0.2484198118947752,0.2778158943103184,0.26000445716074133,0.17089145118840945,0.2623670875631766,0.29842676451686057,0.26176404799116715,0.20049304377761656,0.23147855628656083,0.22044193428001393,0.2278323412335149,0.3076268481045564,0.2561989035063058,0.266150656984826,0.23705812947588614,0.2952058177957495,0.2614560943088174,0.28399527525269325,0.17672593521482777,0.297576259625736,0.3251081152099695,0.3577771690917702,0.41270125202654373,0.2251310591522872
253,0.15446808852584534,0.300958288815565,0.3226752067680945,0.19602752952744873,0.34304492293551647,0.2939319675424444,0.4122151431386013,0.31049542080533743,0.2845775436320919,0.26361468066347266,0.37368502125286646,0.2650226221462563,0.2535125729334104,0.2653209527128987,0.3032380515998625,0.4404561233667721,0.29908978657732627,0.4984504863393342,0.46495187783044606,0.606447848684988,0.9999999999999994,0.7323772246913506,0.6645340999307808,0.6410678272521435,0.34974926299416564,0.5477371080076054,0.43296370870885653,0.2600848326027736,0.46687049757606186,0.3330527176610623,0.4479157547518018,0.4849731859147481,0.12957391342058067,0.3223457242081822,0.5837653509643631,0.24466958892264717,0.28071673151489873,0.33648252221677954,0.3423976108376763,0.23800285605366908,0.6374967894316459,0.3087036300697114,0.21867874649288985,0.4417989945697451,0.4123437246293988,0.26225591614004007,0.4272141328770501,0.3279776330864236,0.41402000108296977,0.3117767547832908,0.28455003739754436,0.26861108356478985,0.3851337657050777,0.3494763736282177,0.30869462066269493,0.27811340620890684,0.3813935888822576,0.39579096498212246,0.3667671940961328,0.3337426083005214,0.32991358387645797,0.2652957926473705,0.4231135402777842,0.3930383019430083,0.26800411463351353,0.4607057461366955,0.18630249433714582,0.32821434981951747,0.21177045324395324,0.4112680138804425,0.22957321221685117,0.3131505656040441,0.5010561362759816,0.3539809555102181,0.4028537065417173,0.2749176112413888,0.32207423788955647,0.1990480636939531,0.3035746797284757,0.19576367561624727,0.4263694752365219,0.2754004089619996,0.3198506755737997,0.26650750223520686,0.3289943857199622,0.21996303208334525,0.31687461340508477,0.11345754396296365,0.3053319394942835,0.40261657158925396,0.4129220744493716,0.21040550264741598,0.5137249920401302
254,0.26709341426904454,0.3439891496350399,0.33410045502653435,0.21338960543286883,0.368470807301705,0.25883568838423604,0.40047445338679144,0.30704169870778686,0.29857959715076826,0.3068675941734547,0.33723976936858047,0.27076613758641,0.2644044355929515,0.30166311314586663,0.29647401659009165,0.6216267452210787,0.2652522492663606,0.6153121102664745,0.46001812309791845,0.7593385175751675,0.7323772246913506,0.9999999999999997,0.7893601991185196,0.496009665291706,0.48552698394269783,0.5771881756038364,0.5156988026505721,0.24750492184331352,0.6736738149609655,0.506332691459697,0.3323968738058309,0.43853925094952384,0.1865067399465636,0.3432963141446276,0.6309645086615812,0.335034926657326,0.2960495702725811,0.38212110750756617,0.3021095064600618,0.2938810094277622,0.6723592729858608,0.3485320507705231,0.3914051923292936,0.3985985455724238,0.331146456624805,0.3970296610270058,0.43315228227784175,0.2964881420792607,0.45311414959688934,0.2563014398984021,0.2563045269785939,0.2793366404811618,0.39899028736702774,0.3449697692467084,0.2773082833200227,0.15120792399267136,0.3812548343145955,0.31784090742737553,0.1668105743116593,0.3395430169303971,0.2821982547362692,0.2148870831705663,0.4904137628549847,0.40812125663403226,0.1635966293011362,0.3607559394097895,0.1252273817940837,0.23649234865229601,0.3341179300484085,0.3394009394710693,0.3015344894558742,0.3058894381328396,0.20540681611678308,0.25728588388352014,0.25495215205391764,0.30434103199607837,0.06147932463781495,0.2582997002277288,0.22319033345257425,0.2605642674124344,0.32109469963298326,0.20911232397804586,0.30295397330222357,0.2857163182693904,0.36898855083048654,0.29748143898847895,0.05628300801548253,0.20915571982325146,0.3492663407213633,0.35190509131295333,0.4933817056823335,0.28602387399875845,0.4562655993997086
