,10,11,12,13,14,15,16,17,18,19,1,20,21,22,23,249,24,250,251,252,253,254,255,256,257,258,259,25,260,261,262,263,264,265,266,267,268,269,26,270,271,272,273,274,275,276,277,278,279,27,28,29,2,30,31,3,4,559,560,561,562,563,564,565,566,567,568,569,570,571,572,573,574,575,576,577,578,579,580,581,582,583,584,585,586,587,588,589,5,6,7,8,9
10,0.9999999999999997,0.36273657868228004,0.3908078795392113,0.6964995692449557,0.39110423533849836,0.31826752569467154,0.2578377299776389,0.32172528866251826,0.7387690036536647,0.39660279491639516,0.28614190326062,0.3085894139568487,0.7105638347696096,0.2848584766142388,0.3210141515609564,0.5508945559830801,0.3436794433462292,0.5160413999287504,0.5806043566563212,0.26337848903207495,0.2157835674110013,0.2030538715121254,0.2612485066273113,0.1817539288250439,0.43195226169585427,0.3799298020226075,0.6249452499660874,0.28332670255786974,0.1938077312439223,0.3001862022033275,0.27190302637158115,0.15861658057154268,0.46799039276754606,0.23353303389562727,0.2613302207806858,0.2598587125244739,0.34800762627884335,0.6142218941637883,0.33691496739572535,0.3413538089237817,0.25050217658128776,0.26173740903367804,0.2081791675026997,0.24961825642397162,0.21721293782125584,0.15980809475377397,0.16259623664791426,0.3541516877567874,0.2861505478720949,0.346423871115463,0.2822138787289214,0.33921849728190556,0.29667849892969755,0.27679634018416793,0.2935075630537635,0.4226584611002414,0.16088121930743482,0.4238761087725972,0.3962178420311522,0.6060218762921227,0.4696801906169898,0.74272860956173,0.2849334351340978,0.45181103105311776,0.22021516872341773,0.47844811333549875,0.5700791009665883,0.5210078575110335,0.36915434165001654,0.5036636154716246,0.33698567813673697,0.41829007093235526,0.33470993576801317,0.23300841003851985,0.334576440002615,0.3701503677166678,0.40302563873365954,0.7015892938122349,0.3668297333530756,0.3147380105962909,0.4996722654615878,0.2530925242439227,0.3036665658963735,0.29567744791362616,0.3259755648436839,0.3103964608122888,0.5575960637209303,0.35953494680866466,0.7473257525175699,0.3225700966658492,0.5066017191308386,0.3773421217480796,0.3271769231731686
11,0.36273657868228004,0.9999999999999999,0.3352644046557238,0.36132105042170015,0.3171223567163651,0.3085889491454506,0.37222752149036326,0.33249745062942626,0.33852596136359586,0.32623908274649005,0.35561590479058774,0.3220283238807294,0.31365938296230106,0.3430619750378965,0.3149358985009975,0.40004609273140346,0.33021887943824435,0.3359558392338616,0.3485812231934661,0.27916107160465403,0.32446064834840493,0.365118495214148,0.31739090156414335,0.326684873106206,0.3376959444699926,0.2889814293643628,0.29311912540026935,0.3279602398653378,0.3567938479482511,0.3800242508869746,0.3298949394157951,0.2803871734353626,0.44368007330403203,0.33342722586465195,0.3182035214215917,0.31362871748260895,0.3297444218280212,0.3394974402284459,0.3221445738151448,0.3394093722710202,0.42861679511708606,0.3285000172080017,0.3026194478551197,0.3218561670243548,0.2919134510280057,0.30271716199929616,0.33792384775714035,0.3227606951323324,0.3213242612849018,0.3293908264107028,0.3155050267100016,0.31018836335447275,0.34309154241144385,0.31129184984912034,0.34035686555320516,0.28873404240037626,0.3545954879260178,0.34516035439546583,0.31898515588437626,0.39431431913831616,0.3767009339773283,0.32432727654862953,0.294027021740432,0.18265391561349875,0.36977360452949326,0.34773051969171687,0.3456995149575775,0.23704935725957424,0.314100701276235,0.3394470660852458,0.2996523501960987,0.33266481833620665,0.4282613926745195,0.2942178443927939,0.3465996416907055,0.35980712734286274,0.32466424873622063,0.2110308667498812,0.31011740700040513,0.32471934614976733,0.34666196894280743,0.335827158286689,0.3248259860553776,0.3182746913410784,0.3132716055056751,0.29233493751986933,0.3492480683242145,0.30486439326494325,0.3091688272526355,0.37144490010531445,0.336421906314936,0.3397798508070297,0.3963169223203586
12,0.3908078795392113,0.3352644046557238,0.9999999999999999,0.30597293367706474,0.29611351840928923,0.3228156682638516,0.425330835278262,0.34211160517618594,0.3199487144282081,0.3126225929507808,0.3378335624079297,0.3372474404265919,0.39095922115052845,0.32674508252187334,0.3344705865138442,0.2730756821117749,0.32939842848029244,0.3560339783054796,0.2478050235008333,0.3280782448882408,0.2942101904218569,0.33696026887567504,0.2987325167824332,0.35323702611093266,0.2623062180463066,0.2983004653722396,0.3405210775003607,0.32366891096125794,0.3888344658684687,0.3101155489026494,0.32600576044221574,0.28290480694946707,0.3321088671334276,0.33065209748796426,0.3090732741124094,0.30683889454311536,0.34795351924176954,0.3628701234077609,0.33625507016057676,0.31997034666927104,0.36426078848504273,0.3228495793315125,0.3358260014204348,0.3159755872330105,0.35407192767771944,0.30497251305570255,0.35574304703568216,0.3505486303225146,0.3724237313376824,0.32847770440389945,0.3320180735835359,0.3533579576509825,0.3403911633914999,0.3204819295940403,0.342457361894707,0.30131326272242764,0.3350273263908079,0.3172501667386501,0.28749485267792185,0.34807879806942404,0.2483857117251577,0.27459151002395243,0.28143144230355843,0.2884143219309901,0.3352389691518927,0.21153139075550634,0.3565733719507533,0.26679947877100424,0.29940554206928477,0.35026736447262513,0.26182786762833016,0.25667797891095234,0.33121186485354526,0.2926726229410572,0.3081896033554377,0.30009134964807,0.4195418343173529,0.41291076669003435,0.2972877825217453,0.31412162916727887,0.30329429510634287,0.3175398722332052,0.3234586508520927,0.3295326782472244,0.33634907287875226,0.3329837534037448,0.3972944267685226,0.323139606815531,0.3526943364636808,0.34027199224223365,0.23207795431351547,0.3377226668675899,0.376601620187038
13,0.6964995692449557,0.36132105042170015,0.30597293367706474,0.9999999999999999,0.42873265247749864,0.23180325165597823,0.6283116836530981,0.37399449689845427,0.835851339703496,0.33168440079074074,0.3189800077041117,0.21303859335054862,0.6596783028008815,0.29433716164209,0.2758183802516892,0.625940070829691,0.2939274589455946,0.2992011949456236,0.6357486085799561,0.22848467825801136,0.17386571478565488,0.20198790395778704,0.24692128986790646,0.06662436877376655,0.637335849570202,0.1305001652829181,0.49306252065205625,0.29295326134376715,0.2522197112962004,0.5250401392219554,0.25153121829844866,0.4459651732390509,0.5091811243989508,0.2983167890757864,0.13984029856854552,0.27320739422373364,0.2507370259946094,0.6545534186229198,0.3173873951701823,0.36226359497415045,0.21055018014936128,0.3025865968374261,0.24778915149492403,0.2937902501993644,0.19988281266358635,0.14650111233458898,0.14457831053181683,0.3288366483010375,0.2534995165267293,0.21690431025147622,0.26828923983090047,0.2836897470096345,0.34177979377060913,0.3194732247113719,0.28606774762098675,0.6892585299720425,0.31345081367557065,0.3410928696813851,0.612460197738711,0.7646655266386585,0.4897555348120913,0.6896609878083222,0.32228510836485114,0.5813761601468924,0.3116005778062347,0.5729776861262181,0.5934392874669834,0.5170127493667258,0.36752641812085124,0.5766620565828696,0.3920179098129574,0.3888436510512044,0.3799889350503265,0.30898930305822503,0.4606982586200483,0.35281716519289874,0.49465460084847385,0.7007069930732417,0.3755609903013875,0.16569589463187648,0.3548654728543,0.3766857088856042,0.2672396445991279,0.2812755737434453,0.2543904184859053,0.4586844813959453,0.4731250062270288,0.3754097921595231,0.6470988846963652,0.3790219306720892,0.6772653709582607,0.3553285740680789,0.5425878416166158
14,0.39110423533849836,0.3171223567163651,0.29611351840928923,0.42873265247749864,0.9999999999999997,0.33617871636100827,0.3624366201234226,0.3506413043163848,0.31433005304939354,0.3360272335427026,0.3409210311919582,0.3561010020724775,0.28874476826378087,0.3378014399288453,0.35065759137583236,0.2706802474053181,0.3304715095786028,0.2329260633224326,0.30097652842841105,0.28420579156374376,0.26729054958707327,0.36670566391028603,0.3095176789535449,0.3146668648886491,0.27701631193038356,0.285172176241411,0.24060209738144145,0.3348625513268519,0.3266809183308215,0.2650989092581022,0.3226871884620169,0.27005019429145444,0.3344793543777759,0.35228732493927606,0.30546717236590193,0.3403822124505394,0.3466168240798265,0.22073792727930616,0.36620280898724067,0.357350928858193,0.29622321422891523,0.314757313921328,0.31453754349817076,0.3234896365148518,0.36770726947117194,0.29802062111029226,0.28128673237617824,0.29205178701027545,0.32420893229994524,0.32423098304273074,0.3495101788180173,0.3531603698064881,0.3033603327251352,0.3516055283707246,0.3620281182166802,0.27286218896785464,0.3381354135114412,0.33455510442668535,0.380505219970244,0.3105073431392488,0.42476522612414874,0.3047757635620079,0.31997871980445813,0.3355750886890284,0.3437969945159519,0.2669777699214947,0.35081000643558735,0.3267927115750927,0.346539129676423,0.46626672313134904,0.2883400644097031,0.28798795378936787,0.2545451087810529,0.4480478883171939,0.3351366856532341,0.3314983518218545,0.25789067464753995,0.3461853014883841,0.3101610777773048,0.3123055812547802,0.3109296896959219,0.3520354547989874,0.3205134302848362,0.3375434959915337,0.32068091690360406,0.32257398271331356,0.371712874458206,0.31990390763556703,0.3241927738681164,0.3149650342379333,0.3536460207846995,0.3566795626924811,0.2964359338437705
15,0.31826752569467154,0.3085889491454506,0.3228156682638516,0.23180325165597823,0.33617871636100827,0.9999999999999999,0.3029599714344079,0.34247283519021754,0.2760649784449552,0.3575147724101618,0.32701003938167195,0.34421364010005523,0.26876462615876245,0.3365803303580838,0.32803969679960593,0.2754199559732339,0.3339784323816469,0.2832769942615717,0.20006307255817268,0.25355503195635504,0.2961341409729062,0.2571425711514257,0.2839733495613788,0.2719726351124075,0.28711959260135866,0.30398612655858975,0.290597305913344,0.33149360692322594,0.301029344662653,0.30588207951018087,0.33159257238599377,0.31311381501171615,0.31683075983775705,0.30942653157675865,0.2843083707460641,0.30988966659216893,0.3357239802504317,0.28306975773525506,0.3275228477500426,0.31946825610431634,0.3187957482842726,0.3286224937585818,0.3254919568363503,0.3400202920729088,0.33368614140864866,0.34646438779804006,0.30946757907494843,0.3265903776170577,0.30636098745101975,0.33302106894012057,0.33424412999780817,0.328467423639776,0.3225917569700464,0.32794675876008134,0.3282527178175328,0.26767278074622997,0.34372863274926396,0.31640482623620053,0.30639170001736515,0.24512113410870312,0.25676716272433847,0.312601903277583,0.250088160359151,0.2921384587684196,0.3000900435114639,0.27598609499491317,0.26030140962476794,0.23461097018701868,0.3156546988897044,0.24305405255219462,0.30667250029220017,0.2960744860007004,0.292412176698668,0.2990319550995805,0.313968301926613,0.3450537143865584,0.3234594252362749,0.28407628746858854,0.3305463299633474,0.34655650501106755,0.3182515893561131,0.3454936976140085,0.31794676402428823,0.3403700594807891,0.3141341715828256,0.3324874364451259,0.307028168968872,0.3325724597317474,0.30417414828465705,0.3290048528506993,0.28934377276133416,0.3280235841661044,0.3159703012645176
16,0.2578377299776389,0.37222752149036326,0.425330835278262,0.6283116836530981,0.3624366201234226,0.3029599714344079,0.9999999999999997,0.3569285957284636,0.605972453686456,0.3495689989239688,0.30930560566763754,0.2855494766858583,0.39013886276056564,0.30990192603137173,0.30180516871583163,0.5749377164509691,0.3115205477262332,0.09039571968422742,0.5195160896848677,0.2400543653973566,0.3687634842150602,0.40449110656107207,0.3475620176081693,0.1842610719131461,0.5906447223842641,0.11757331161469428,0.2361996473667298,0.4147149954887817,0.3712330101170635,0.5041468752025134,0.25376107275278975,0.4231982377188759,0.31766535333088064,0.2898018999254684,0.1254559989484738,0.2954041100205933,0.2988495278319122,0.5775472878250338,0.2756309101239184,0.30348783622855485,0.3072584336344212,0.29748886643551725,0.24514903203249014,0.33495162078956775,0.24996672875827772,0.3537306503191248,0.3394755846779606,0.16458691259394917,0.2347889727736529,0.23441266625250975,0.305552158344528,0.27935682707187154,0.4431443927881457,0.26280643552602206,0.3399734690947471,0.7689288376327086,0.3156991545706217,0.2621754830616556,0.5315189848794857,0.7046025655917353,0.42228694908417835,0.41231728354402125,0.34207804500430633,0.6068119452730425,0.2925672538455666,0.5939097569060784,0.45239896718934336,0.3861346513239897,0.22148112923893457,0.5748751785912554,0.4100319425654352,0.3785869293493725,0.4224168927123694,0.49543948682564415,0.3564799417324014,0.25729656154687297,0.40596980142406175,0.4444570119028635,0.289057635743443,0.3569343207140036,0.18623390114854793,0.46023178821487104,0.3567260232701002,0.35926750957020254,0.23255883811374717,0.33019777192536415,0.12862334432728018,0.3521431241172647,0.5000872663585119,0.4285550689604792,0.7255356613258584,0.2859828135767573,0.8352555337587961
17,0.32172528866251826,0.33249745062942626,0.34211160517618594,0.37399449689845427,0.3506413043163848,0.34247283519021754,0.3569285957284636,1.0,0.2663876170687511,0.34601130444457745,0.3217150052689416,0.35612803593863357,0.2674061302981398,0.35123213656107033,0.3391550284846969,0.2614556294373475,0.33824194219709225,0.25272671768402216,0.2618345672198588,0.29183598724434573,0.30907957307100165,0.3078210977202013,0.3123886001198239,0.29847458364092455,0.2529166464306017,0.31043886053931286,0.23786599614962772,0.32115101339788393,0.29377435006358815,0.3010424395105174,0.32194985765587086,0.30657834842124637,0.3327842546092067,0.3219460922986299,0.2607619826205421,0.3179063987217402,0.32322904420148535,0.25965783739401604,0.3413231878564572,0.3314417572292173,0.2927425547920245,0.33157506377000867,0.2977605688057031,0.3179682824754692,0.33272625699132374,0.34513364105458716,0.3025235852175129,0.3202210053910209,0.32379837224672914,0.3350757379237027,0.33375075208836175,0.3384526109521033,0.31655879779243246,0.3419326338592001,0.3402408545351602,0.2960024986241206,0.31077164483349196,0.3150540497361267,0.25182744954849207,0.2647552852349788,0.24148513608937588,0.29374097138030547,0.32315465072133076,0.2514028432962736,0.33540239973503083,0.3115027962544486,0.35315746734423625,0.3055664159869819,0.35597916174781996,0.2699021558173908,0.3047810575675697,0.3573987032590522,0.27868741790926566,0.33277955174406976,0.30316414442964024,0.3211410625819262,0.34471957795136243,0.2490151964337106,0.30316160856877494,0.33366213163692315,0.32175791098259227,0.3149016905757275,0.32016399001040136,0.3422960020729004,0.32209026239082506,0.32677990932794554,0.3010466981432835,0.3242169274249067,0.31354539205947385,0.3080008415516506,0.2748468295231636,0.36538846770184974,0.31275685687254606
18,0.7387690036536647,0.33852596136359586,0.3199487144282081,0.835851339703496,0.31433005304939354,0.2760649784449552,0.605972453686456,0.2663876170687511,0.9999999999999999,0.34669424794458914,0.2947713366923463,0.26488697089203855,0.7858374787846826,0.29261467487940823,0.2891696341338737,0.7048161754169081,0.3161377632260286,0.35195171328797376,0.6641556160809372,0.2838626708310868,0.3168250020882356,0.2403369771369525,0.25095149753784995,0.13129562528149166,0.6914321417464372,0.25745229934267283,0.5215609033210701,0.34313624616735783,0.20435612959276256,0.42242648098562213,0.26007704466722076,0.41605006975379144,0.46777518969360177,0.24717258315960838,0.14029287892018807,0.26111660613507437,0.27936654377510095,0.7127231547446363,0.3017739224388408,0.4087195454863496,0.3471868341264701,0.287570579615979,0.3330363147836118,0.3448546988946861,0.25762557834865163,0.17594123908396214,0.20281755547117403,0.2499125106723662,0.2375408049994269,0.2951011539209064,0.32974247308676163,0.28858079995988223,0.3447049342080367,0.2674831622866899,0.2902305986577094,0.7134965296343317,0.3274231763395929,0.39582730194553806,0.49637519774999667,0.7514320871523208,0.36255045625333365,0.6286954265059794,0.18814578821727704,0.5778904959197732,0.17579730982927597,0.5373508199791768,0.48310888076044306,0.4019405492871562,0.300985452071596,0.4365606775274261,0.25467990237844457,0.28132043865603557,0.2400119394133666,0.16270195816584104,0.3889775824356035,0.30463990658217494,0.5642744466246198,0.7765884883172015,0.3659768917387046,0.26350106844560417,0.31431988305340647,0.3279706207013148,0.29844483943269107,0.3054047922932597,0.27291751736085046,0.25466736226823067,0.31071371332545034,0.47933799283628115,0.7652461158422296,0.35727786249916155,0.7400298364551149,0.3330607516449329,0.5897608053989927
19,0.39660279491639516,0.32623908274649005,0.3126225929507808,0.33168440079074074,0.3360272335427026,0.3575147724101618,0.3495689989239688,0.34601130444457745,0.34669424794458914,0.9999999999999997,0.33638740467032946,0.32956689022056773,0.3099688277987394,0.35233228144650647,0.34701164347006075,0.18990966187355005,0.3548414895280567,0.24916455992887285,0.35113538479009015,0.26504029358686215,0.2638375668574993,0.29101044518870006,0.21479861343492093,0.3836203722700832,0.21704145871465594,0.3075514572766487,0.2754078566532579,0.3352156494146059,0.31512245949610573,0.23669384486587358,0.3261068361641184,0.28963457061812004,0.32551937248564283,0.31014098861063805,0.23162374239882677,0.2842575752915624,0.30163644755466706,0.3687948324935689,0.3261605634079905,0.3138292771227744,0.28774804952380356,0.3271741893196936,0.3169802150572504,0.3144418656004289,0.27737692537821856,0.3786463285131779,0.3319582529009997,0.32368220760462785,0.29352282174165445,0.35369011319909277,0.3561819642358899,0.32927756605262776,0.33646568415796385,0.3243005763346814,0.320479034009688,0.3624154420369712,0.33812204952758756,0.33718922605824087,0.2414244737222255,0.2812116540907196,0.3990870603217795,0.3395737337177168,0.29202599344192987,0.29467323928187816,0.25056501617653953,0.416826698884546,0.3977841409371888,0.34876548430136517,0.318132569872344,0.34286177646465554,0.29468436838463374,0.36974119430588237,0.304244550135459,0.3487463897216432,0.33722105190691926,0.3519006015974546,0.4817164968955236,0.28702836361244966,0.3430096468793245,0.3718470066883674,0.3280978924471975,0.3899948693404748,0.325920847547204,0.33509160723920123,0.3171289543615652,0.3321682968353165,0.32460138521057885,0.30051081097337135,0.30774768353964643,0.3243873162398229,0.3143088621625411,0.3511859894346198,0.3589512266204501
1,0.28614190326062,0.35561590479058774,0.3378335624079297,0.3189800077041117,0.3409210311919582,0.32701003938167195,0.30930560566763754,0.3217150052689416,0.2947713366923463,0.33638740467032946,0.9999999999999994,0.3286059180174565,0.2437330133538524,0.3464095435004519,0.33786220594904326,0.3245011785313101,0.3360606209616371,0.3363267753759411,0.20299714377683817,0.35199000969728167,0.3627812631153946,0.3379381227783604,0.2689504576998329,0.2958327070941755,0.35581389364550037,0.3559809836607471,0.35488000951835863,0.32762268987327015,0.32831456344497156,0.36304305547588916,0.3424593792607815,0.30323513774110294,0.38309222334972776,0.3218156924823508,0.26852372633077626,0.33606916787396274,0.3128403152828239,0.43425027544483674,0.34808112592632046,0.3234977198210443,0.36838156033446295,0.3417747218612292,0.299051927793625,0.3668233732867169,0.3086228410658333,0.3197358831040752,0.3513617212221928,0.30721931932846974,0.3446056406930806,0.31931216027984705,0.33261927249021667,0.3150914985822656,0.3559730383763282,0.35419211299469155,0.3417704996088355,0.38017206159497086,0.360448092795805,0.33979658209883534,0.31844674596306327,0.3440923797661708,0.22801932275173975,0.18522418926600054,0.2895635700911651,0.2708467377182193,0.3245337944831786,0.2434522526583989,0.31339285156325825,0.26585069972040426,0.330046948244572,0.24755734877769184,0.3528602137973292,0.17075074774757099,0.3577380490611706,0.344511059075759,0.3298043169265681,0.35239824922386764,0.2888410804983858,0.24699274735169338,0.33786841602679757,0.3287559125954864,0.3495862725157031,0.314273734504271,0.3144093931831477,0.33239348446427014,0.3214662917924456,0.3391101634842245,0.24429554188921238,0.3330295027476503,0.27172446093981517,0.3382381630048591,0.32381872803305134,0.34242463881786545,0.29611765609175583
20,0.3085894139568487,0.3220283238807294,0.3372474404265919,0.21303859335054862,0.3561010020724775,0.34421364010005523,0.2855494766858583,0.35612803593863357,0.26488697089203855,0.32956689022056773,0.3286059180174565,0.9999999999999997,0.32858953323587287,0.3398300481199721,0.3510908263017372,0.21684968606883526,0.33903708582048675,0.248380156696223,0.20922145963011154,0.2812926242819733,0.2705204666498688,0.2749113462316613,0.3089038515684203,0.29909144725087106,0.23334008321493638,0.28281039800191965,0.296821169096956,0.3390787337585219,0.2976783584804605,0.2587365967166577,0.31560733950319897,0.2966705887840747,0.27391627292131987,0.31009490752380714,0.231232984713433,0.3445921176146264,0.3682667289328254,0.25911898611516565,0.35270795211804257,0.32649132048474394,0.28984000862664006,0.3269074270894073,0.30204214394822904,0.3416533096424553,0.3827915207432186,0.31329819262159847,0.38198144940707185,0.3804402582219042,0.3608081714975485,0.3435590303893938,0.34533599729521636,0.3722093354656392,0.3017966556826117,0.34669407412370623,0.3310796974658628,0.24849096604054435,0.33333314351458254,0.30608249240005025,0.304118118506869,0.2876146315772186,0.3029802736573714,0.3086480698672812,0.32267147457059586,0.30343453520082636,0.34392088730370995,0.28206984997959683,0.35232373709438847,0.2713271399308993,0.33840354312483895,0.2814028297269496,0.3121416861452831,0.2818157463463087,0.31610688170530554,0.31174733173590913,0.3287718496817463,0.31173094166399684,0.30618818169195644,0.387722667550912,0.3261245988569036,0.33260437118714925,0.3150110236035282,0.3300869693873109,0.3241659771503758,0.3263450457534588,0.32663711601658024,0.3457626055525955,0.2994293420607988,0.3253142143885792,0.33018795000442575,0.3251481411229129,0.2449706838443224,0.3410013077979152,0.3243632194077087
21,0.7105638347696096,0.31365938296230106,0.39095922115052845,0.6596783028008815,0.28874476826378087,0.26876462615876245,0.39013886276056564,0.2674061302981398,0.7858374787846826,0.3099688277987394,0.2437330133538524,0.32858953323587287,0.9999999999999999,0.25725403914972444,0.26365856586303416,0.6059291475051931,0.31560322801239493,0.42311691869007595,0.4989027082479568,0.21448134318354664,0.28724403844854063,0.21356172595357786,0.22478028997715402,0.23234267084357485,0.5544443752775516,0.2739015277277852,0.4776965789278339,0.2748220630678005,0.12431798143879146,0.29121335100756734,0.33786593322400044,0.27807836946749165,0.44773807736347826,0.3354769005398666,0.20162722369493602,0.25700959913870336,0.44104962617434984,0.6634537365279054,0.2711224612832588,0.31000681360054333,0.2977305390730962,0.28269627189354307,0.31652400547493265,0.4325944045219392,0.37491040951379895,0.1811498414557455,0.3714318731940728,0.5530939599911563,0.3296667988829708,0.25653911135659235,0.2621769772490657,0.33154233039921255,0.25761154915845685,0.33188288249685755,0.30561654832690266,0.5117339621539151,0.36990382229803653,0.33765463273670804,0.38607642793917735,0.575867327069536,0.27610907882884345,0.66527730147151,0.14706301232072616,0.4395872275180106,0.18876448677133412,0.39894888681410495,0.32115654018332623,0.28410350945001733,0.29402813230275066,0.27696491305013243,0.165621753866886,0.22716032837097702,0.199990595932683,0.14648048506970696,0.27418264564321615,0.24297586346707434,0.5603428447505633,0.8885375728620608,0.43317619352005765,0.43972186159024346,0.3628978465255589,0.35934539615801425,0.4020661717373072,0.25930736830399675,0.37661477560783396,0.3922932510399063,0.37771348390013737,0.5005926405636745,0.7269972657649543,0.33291334380663234,0.5463810088578632,0.32653455439304163,0.4369600809602164
22,0.2848584766142388,0.3430619750378965,0.32674508252187334,0.29433716164209,0.3378014399288453,0.3365803303580838,0.30990192603137173,0.35123213656107033,0.29261467487940823,0.35233228144650647,0.3464095435004519,0.3398300481199721,0.25725403914972444,0.9999999999999996,0.3483872317473222,0.24939258092610297,0.3552485362017282,0.26919426537639657,0.22694937040059174,0.29298054607760476,0.27013168835764517,0.2982773164678057,0.2740914963739694,0.33313019710731295,0.2653232332774758,0.29877601271202636,0.3320634834663971,0.35628950665808196,0.2871486033547375,0.2862217920851242,0.3317537704531076,0.29014767786817325,0.28754248481208716,0.309193584968875,0.28654285162114906,0.349179997121267,0.3255146212204536,0.2867442601555348,0.3379485537262599,0.34160012261109857,0.27825051791436783,0.3239512011092192,0.3054485761549671,0.3026940899838483,0.2981507137791209,0.32637430552341995,0.30535539008564017,0.3175828493045397,0.3066108451427237,0.3386263462003013,0.36495467228046113,0.3237979249615558,0.31954961770610396,0.32382358456825694,0.33594440015970883,0.2736873117442045,0.32985426280000635,0.3247796223289756,0.34887290752242767,0.2601643623313421,0.27854648782698066,0.26771287367764374,0.2724531398886102,0.3123865136539969,0.30153352174333337,0.3080075711404863,0.3443823967138067,0.30646566049301055,0.3234128744372925,0.3460634876405666,0.3317037104957087,0.3480228938672174,0.3116447866508382,0.29534762349697163,0.32313987308652947,0.33682115229774423,0.3637206868305643,0.26509857218403743,0.3396712218848806,0.3233554010699054,0.32387676274925836,0.33003356005228307,0.316024153527037,0.3634437023409705,0.31574651818291716,0.3387581659926493,0.2892065140760771,0.310349902859864,0.3328091072134614,0.3470008573862647,0.2905249588705608,0.3478236376119195,0.33193986636130574
23,0.3210141515609564,0.3149358985009975,0.3344705865138442,0.2758183802516892,0.35065759137583236,0.32803969679960593,0.30180516871583163,0.3391550284846969,0.2891696341338737,0.34701164347006075,0.33786220594904326,0.3510908263017372,0.26365856586303416,0.3483872317473222,0.9999999999999997,0.23626892482411926,0.33165624814958905,0.2984430121623289,0.22952640856431025,0.29901568735228057,0.309918993931398,0.29473679457940377,0.3899549555660649,0.32234107148576885,0.22181027982853158,0.3133419758788224,0.25301341657888854,0.32333958370547333,0.2919659996509099,0.30095755417748904,0.32918963484748215,0.3055842967202207,0.2993058845507165,0.3180816602177774,0.2924824281349462,0.34250010104944384,0.32414028937460654,0.23439447243757278,0.3536046141821754,0.34036361257125397,0.28508002666424437,0.35511960739160914,0.3116591489521096,0.3313938155274987,0.31404129693481997,0.35254404134926187,0.33202682918367715,0.3452166188457695,0.30459412666326285,0.3443492994515399,0.3602120625102035,0.32523883890171473,0.34074371565347705,0.335605301210232,0.356572481637798,0.30076266006078084,0.32490288185730626,0.3189466706302646,0.3166176118206423,0.2748075209000321,0.3081644143742383,0.323573500167463,0.2634478823343788,0.2734092913440209,0.3324218828518297,0.25623392455857824,0.2615179393598804,0.2669218461780937,0.3237998609633422,0.2577626604063503,0.3023002436722535,0.3156341667647059,0.313064197459237,0.2941640006852617,0.3103692613048339,0.333722102306468,0.3105503237812833,0.2732168492676484,0.34829155993128,0.3299224256437229,0.3139474878314424,0.31228522498072153,0.31841826277836527,0.3309443558782995,0.3270376660309226,0.33604272122378315,0.3485326954103908,0.3113108834689077,0.3331293782378339,0.3092972849549011,0.296440206077975,0.3344866562117985,0.3147852940780441
249,0.5508945559830801,0.40004609273140346,0.2730756821117749,0.625940070829691,0.2706802474053181,0.2754199559732339,0.5749377164509691,0.2614556294373475,0.7048161754169081,0.18990966187355005,0.3245011785313101,0.21684968606883526,0.6059291475051931,0.24939258092610297,0.23626892482411926,0.9999999999999997,0.23106073065543464,0.5689224718051362,0.767035620078264,0.5184557977942966,0.4405436736643531,0.6006204294859803,0.5853218324440698,0.2783363964708707,0.7829918933276679,0.3707852688583798,0.669341232156783,0.27169155637382514,0.3380966430766112,0.5030941978270553,0.36792231709077783,0.30239851287428027,0.4627843657191054,0.402918336883758,0.4229226801246349,0.3479631898389768,0.25504041036446096,0.7363597082234214,0.26087401781873076,0.30529860314675056,0.43311117069394406,0.40934538489410716,0.42721011876160025,0.28037673444377803,0.2972429842413243,0.26619322008782115,0.378056118170774,0.2519756713822181,0.2801553232071962,0.2172577863923487,0.20956006355804735,0.25192726037971847,0.2148731827625407,0.28195565707262826,0.27965754963829687,0.5379084974393535,0.30745182824258366,0.3508773748750559,0.5094412747552644,0.7250356614304889,0.554775583827358,0.6522921363718582,0.44325091965033614,0.6551874146775788,0.25620593036323436,0.6007195616310417,0.4706267726412172,0.49391781769959225,0.3004784426294215,0.4627988970902449,0.351868743142452,0.48505478007065256,0.32747085777530255,0.38476946020448016,0.29852698589517823,0.33147084617543154,0.24300990179121487,0.5320542109669693,0.31423704891023324,0.2864828066719044,0.23858791432519563,0.2425194269477544,0.24724819699749762,0.26702641498748053,0.35630235960459206,0.26667642686357573,0.15109538418392193,0.3173515855697172,0.7254699770885323,0.3563921820823918,0.7824379269505533,0.3474034429920303,0.6360270995207856
24,0.3436794433462292,0.33021887943824435,0.32939842848029244,0.2939274589455946,0.3304715095786028,0.3339784323816469,0.3115205477262332,0.33824194219709225,0.3161377632260286,0.3548414895280567,0.3360606209616371,0.33903708582048675,0.31560322801239493,0.3552485362017282,0.33165624814958905,0.23106073065543464,0.9999999999999994,0.2055323147849967,0.28024399896437713,0.23157136975553,0.292102657917822,0.26164622396138454,0.2976386486120318,0.2841829028808634,0.35247347931915685,0.32860487564750807,0.26636625012277143,0.3976854234320046,0.28512921568071775,0.3050223586716933,0.3116305796829536,0.29094683547707856,0.2969500009941333,0.3273410522274362,0.2783187868567288,0.32508792094568767,0.3108094941874541,0.2788141612109122,0.34741839324386087,0.3278942033846956,0.2439081370680314,0.32450287976245745,0.29816658191400763,0.3281904785025959,0.3148706670546004,0.38982819251282125,0.3073366929792188,0.31736878135522945,0.3140368299232229,0.3567430783367054,0.36633299625275306,0.37673502406307013,0.3252898469016237,0.35237717561510523,0.32389973374547293,0.3642182130426038,0.3237663989461975,0.31260311540721214,0.2477805651122301,0.3410463628906884,0.21017389200696507,0.28755034815798053,0.21445587244983622,0.293194563578801,0.3027472097950452,0.2963843697010202,0.3178332394829247,0.270107148585289,0.3318225691962134,0.3015653145611919,0.2684299328601503,0.2750024350072993,0.2767526923006337,0.3172808839765341,0.3242483772910716,0.31942392665213715,0.27487190497481667,0.29665628776533726,0.34967329691697363,0.4237067774988432,0.3085996913241476,0.4182715734300472,0.33101824892724,0.32015323203507984,0.34012627427427106,0.326447111001574,0.3081356699432288,0.3246218720863346,0.3362635336274161,0.30595706718509763,0.325262724847644,0.3376619690994727,0.28504344606480664
250,0.5160413999287504,0.3359558392338616,0.3560339783054796,0.2992011949456236,0.2329260633224326,0.2832769942615717,0.09039571968422742,0.25272671768402216,0.35195171328797376,0.24916455992887285,0.3363267753759411,0.248380156696223,0.42311691869007595,0.26919426537639657,0.2984430121623289,0.5689224718051362,0.2055323147849967,0.9999999999999999,0.5257231036654278,0.8322202361040094,0.4105538189026618,0.6098965749105717,0.5785089761570318,0.6058953062074808,0.4852880077426437,0.6509547093409457,0.7746349763600695,0.3109639435429483,0.49091807976989577,0.3853328347950002,0.36722321621823245,0.2930017511677422,0.5673186080314282,0.3358066175836066,0.7833226090080584,0.3914331219751322,0.32068627322349996,0.4853382761277864,0.25708392465203456,0.2859817285061142,0.6551859876688103,0.3021419926633261,0.3892106386356716,0.24850386470819194,0.38372424228878216,0.4208952794639364,0.3359330728610239,0.4349968454914849,0.48030576947402076,0.2588845653489945,0.26541593890463056,0.31127988882490387,0.33484155537861787,0.317704558794785,0.3585961137359152,0.20494574476347172,0.35638462482015704,0.3896349128840203,0.2621879141659095,0.2547068184615852,0.405958773239715,0.5179392638991159,0.43661119235178464,0.2601674417238958,0.34786946509523325,0.263745739319431,0.32127389313616617,0.38048159811632737,0.34587461380342005,0.26740898619068554,0.2820546007130063,0.3483293450801773,0.23866972283653398,0.1790224012228868,0.3266077774629739,0.2726026611020057,0.2200744336060161,0.39341642652766845,0.3496618347552128,0.2673375706188733,0.2910637097456997,0.24799953013008946,0.2485923542441595,0.2565875635320327,0.3318129910400592,0.2483379088082777,0.4222348598233067,0.1876502112604297,0.48124791910657955,0.39672664154355924,0.26930183750439857,0.29285773805754794,0.10341326781968864
251,0.5806043566563212,0.3485812231934661,0.2478050235008333,0.6357486085799561,0.30097652842841105,0.20006307255817268,0.5195160896848677,0.2618345672198588,0.6641556160809372,0.35113538479009015,0.20299714377683817,0.20922145963011154,0.4989027082479568,0.22694937040059174,0.22952640856431025,0.767035620078264,0.28024399896437713,0.5257231036654278,0.9999999999999997,0.5234091796347018,0.48170403401665784,0.5179703537927798,0.5184778052939039,0.30518098273726135,0.7455159889620554,0.4545308862409535,0.5210068888294149,0.27429582929621865,0.476681756554605,0.5852414590637508,0.3962814695161947,0.34274587652561567,0.31663592240354177,0.36156455816113253,0.4352222075715302,0.28696337171598196,0.2144890602834912,0.6054453655878451,0.28856113468917094,0.2759653254443001,0.4462122013248544,0.23817347210367104,0.5227523845595198,0.28468236456942586,0.2930804444478747,0.1654208705876184,0.24189610942731918,0.2487176978887882,0.296991669213054,0.15437338707468515,0.2323303201536856,0.2245968234887849,0.3489190947304971,0.2268136153483024,0.3919387931738629,0.4301548314428785,0.2885456452429834,0.3903621666236155,0.5950768000341283,0.6830624492772884,0.6801665570403966,0.6098756740339614,0.4899933588702698,0.7340530948698606,0.3610563074588183,0.7655531258570772,0.5784521442081089,0.682659490550136,0.3356801550571871,0.5543303259927886,0.4607248126681981,0.46999604601764805,0.34950668029146964,0.5128645578947345,0.49969014485006946,0.35187217876521826,0.31438426961425237,0.4565590084265091,0.4493678067357158,0.25355976762169985,0.3156381051503227,0.26975568039492476,0.2672959680983539,0.2916776589245361,0.30721131231909937,0.245326157156304,0.4192747927319739,0.2837531933971174,0.6498579030524231,0.22469257186106043,0.811096430238345,0.32748316457414933,0.4596148058516436
252,0.26337848903207495,0.27916107160465403,0.3280782448882408,0.22848467825801136,0.28420579156374376,0.25355503195635504,0.2400543653973566,0.29183598724434573,0.2838626708310868,0.26504029358686215,0.35199000969728167,0.2812926242819733,0.21448134318354664,0.29298054607760476,0.29901568735228057,0.5184557977942966,0.23157136975553,0.8322202361040094,0.5234091796347018,0.9999999999999997,0.5923963189900848,0.7846786504822746,0.7044894935462506,0.7370033511541235,0.48956980913083603,0.6779761971088263,0.6518390592367678,0.2986833122335501,0.6792249892509331,0.48934634022253887,0.41118869455503176,0.513360904325366,0.4398597329222336,0.38533619912126393,0.8701836926824861,0.43002342458550574,0.25706852756889137,0.3192154587769945,0.27834542507644267,0.31623340244909,0.747704825858114,0.30362034318325953,0.38761223271144196,0.2381185887238765,0.3894247126014794,0.4205333209593925,0.337206695400834,0.22781170015306645,0.5254128194392917,0.2550110306930138,0.27739801974760575,0.27090809982089725,0.39198716343335355,0.32386853734544135,0.2972010938598037,0.2705540931127043,0.43494569855810067,0.2790099788378531,0.2887221692202672,0.2096543931381274,0.39421468104509877,0.3252757621172266,0.4486333201227903,0.36107620559205184,0.2790875550533662,0.28140504087589785,0.2702741300055794,0.3121974406170015,0.3149721790239893,0.3081841012365749,0.3145636656996377,0.28698359584393685,0.17063272859665868,0.24367110314293947,0.3103717841558353,0.24743124910875702,0.24230910708476136,0.23076561055253028,0.3120404574705407,0.21037559386189172,0.32175243048019125,0.25321669857755075,0.2481958238618963,0.24193500920244448,0.2892875590050604,0.22505363309152776,0.26885289525097283,0.22233168051930005,0.2947407581970319,0.3090174733177985,0.3082344110538874,0.35541875137411033,0.26585875689017435
253,0.2157835674110013,0.32446064834840493,0.2942101904218569,0.17386571478565488,0.26729054958707327,0.2961341409729062,0.3687634842150602,0.30907957307100165,0.3168250020882356,0.2638375668574993,0.3627812631153946,0.2705204666498688,0.28724403844854063,0.27013168835764517,0.309918993931398,0.4405436736643531,0.292102657917822,0.4105538189026618,0.48170403401665784,0.5923963189900848,0.9999999999999997,0.6398813271588172,0.5337140475374593,0.5765253826790431,0.3906071588147406,0.6380463445702742,0.23941027525621147,0.25831685574667396,0.5263910583638078,0.41775478398634347,0.4158823068761078,0.4918296331781712,0.13934751239160365,0.3379255300952437,0.562249064664961,0.4057365252255705,0.28966104696008477,0.26801171126288653,0.3517113974199081,0.30403317223529175,0.5421011145484099,0.31074378334872177,0.38688264695084057,0.43539708318740267,0.44500972234457764,0.175543306552959,0.4170299039011172,0.3226640360897723,0.47658922420049343,0.3174879752265559,0.2850310854190923,0.2735041506436541,0.3685453634055205,0.36186884939030606,0.35193005574219394,0.324981424126518,0.4807781616624248,0.3719193083676009,0.3847153787354471,0.36202293086229326,0.3084146239204693,0.17037474256575724,0.27932495852642014,0.4167105073804185,0.21909162850374522,0.41037225772320735,0.296194556606307,0.33418917391656533,0.20415627705110692,0.35478071834542957,0.28233021528311525,0.21463060391952665,0.34393000052665873,0.4472107173984838,0.39141375384166394,0.28037156602296864,0.39039276660273287,0.1923058946493103,0.1390963600776191,0.3682963853722036,0.4248477441385161,0.17293230932607584,0.33554943494072637,0.27647960340713673,0.3361068918372957,0.13419926303947727,0.22029886725341682,0.1775841225487806,0.2959796515420443,0.3945665021854666,0.5023690392686125,0.3150592718662511,0.481804348831089
254,0.2030538715121254,0.365118495214148,0.33696026887567504,0.20198790395778704,0.36670566391028603,0.2571425711514257,0.40449110656107207,0.3078210977202013,0.2403369771369525,0.29101044518870006,0.3379381227783604,0.2749113462316613,0.21356172595357786,0.2982773164678057,0.29473679457940377,0.6006204294859803,0.26164622396138454,0.6098965749105717,0.5179703537927798,0.7846786504822746,0.6398813271588172,0.9999999999999997,0.8036271205846436,0.6007016392398062,0.4576676418625224,0.636458636381623,0.4590266562702895,0.24278154663481352,0.7027069301466701,0.4612279638122704,0.3379394786033576,0.3582558187550622,0.24226657159111595,0.3719589605001474,0.7662771957194888,0.3944441176310984,0.3049539431255261,0.34865762153701335,0.2964539873514674,0.2992328198327918,0.6586409402198213,0.34807501001523233,0.4517581099212377,0.4174617938318322,0.3089471388338149,0.39370651887274716,0.4395144906273368,0.25306872721945367,0.45280761758450266,0.2538661195172278,0.25631873302208125,0.2819125171689686,0.3889121286546234,0.35288058831646985,0.27977289137127276,0.25741158938766473,0.37706366731293306,0.33078585185590526,0.17608054310174817,0.27936170961426404,0.36968078223761985,0.2875026285901869,0.4704585601728224,0.40702252251406634,0.1663499016604117,0.3042278083299837,0.23849452646679054,0.2493215529955227,0.26248675871888966,0.339459864767856,0.2596593937194683,0.32731397488191516,0.19262424562387234,0.3719755995918334,0.1886653409463579,0.3178950916139101,0.06302666440338286,0.18475983851592062,0.26404858852486396,0.21699680316220607,0.2888489766524151,0.251786707477309,0.3055421434324936,0.2773300007607781,0.36225926448598,0.3653329498050646,0.13305297099959387,0.20143755371996366,0.3343278452044831,0.35803021729449813,0.4706062728005031,0.3197538610312539,0.49564719683684794
